0 0.846484 0.189441 0.036719 0.045549
3 0.072656 0.159938 0.042188 0.063147
3 0.044141 0.203416 0.030469 0.050725
4 0.155469 0.208592 0.021875 0.025880
0 0.053516 0.746377 0.017969 0.033126
0 0.067969 0.807453 0.029688 0.051760
0 0.041797 0.643892 0.067969 0.146998
3 0.032031 0.237578 0.025000 0.040373
3 0.007031 0.496377 0.014063 0.030021
3 0.005859 0.516563 0.011719 0.039337
0 0.821875 0.149586 0.020313 0.027950
0 0.733203 0.059006 0.128906 0.111801
0 0.763281 0.098861 0.051563 0.067288
0 0.887500 0.247412 0.032813 0.037267
0 0.087500 0.345238 0.167188 0.365424
0 0.371875 0.222050 0.515625 0.437888