1 0.285156 0.096273 0.035938 0.086957
1 0.441406 0.040373 0.032813 0.074534
1 0.679297 0.053830 0.025781 0.062112
1 0.654688 0.045549 0.028125 0.057971
1 0.742969 0.089027 0.021875 0.045549
1 0.789062 0.127329 0.014063 0.028986
1 0.799219 0.136646 0.015625 0.026915
1 0.398047 0.050207 0.047656 0.094203
1 0.125000 0.287785 0.050000 0.051760
1 0.130859 0.267598 0.050781 0.061077
0 0.050391 0.555901 0.036719 0.091097
1 0.046094 0.739130 0.021875 0.014493
0 0.095313 0.863354 0.081250 0.128364
1 0.860547 0.205487 0.021094 0.034161
1 0.077344 0.381470 0.032813 0.044513