0 0.185547 0.162008 0.053906 0.065217
0 0.951953 0.662526 0.042969 0.101449
0 0.942578 0.747412 0.021094 0.039337
0 0.141016 0.196687 0.017969 0.033126
0 0.367969 0.041925 0.017188 0.032091
0 0.341016 0.053313 0.024219 0.036232
0 0.909766 0.387164 0.030469 0.051760
1 0.385156 0.031056 0.032813 0.055901
4 0.885547 0.159420 0.022656 0.035197
4 0.903906 0.131988 0.021875 0.036232
4 0.896094 0.146480 0.017188 0.025880
4 0.874219 0.178571 0.021875 0.030021
0 0.929688 0.825569 0.040625 0.056936
0 0.934375 0.472050 0.021875 0.049689
2 0.416406 0.033644 0.029688 0.034161