0 0.488281 0.274327 0.029688 0.033126
0 0.467188 0.272257 0.017188 0.024845
0 0.553516 0.286749 0.044531 0.045549
0 0.667969 0.311077 0.034375 0.023810
0 0.948438 0.507246 0.031250 0.062112
2 0.041797 0.515010 0.063281 0.090062
2 0.153125 0.407867 0.048438 0.076605
0 0.386328 0.293996 0.119531 0.103520
0 0.816016 0.388716 0.036719 0.036232
2 0.098047 0.462733 0.069531 0.091097
2 0.205859 0.365424 0.053906 0.068323
0 0.760156 0.360766 0.068750 0.046584
0 0.875781 0.437371 0.053125 0.044513
0 0.916016 0.487060 0.063281 0.067288
0 0.729688 0.335921 0.029688 0.015528