0 0.159766 0.442547 0.144531 0.110766
0 0.287109 0.386646 0.089844 0.065217
1 0.900391 0.393892 0.042969 0.104555
1 0.374219 0.365424 0.014063 0.043478
1 0.676953 0.361284 0.025781 0.097308
1 0.988672 0.407350 0.022656 0.092133
2 0.731250 0.383540 0.043750 0.079710
0 0.355469 0.371118 0.037500 0.034161
0 0.399219 0.366460 0.040625 0.024845
2 0.762500 0.408903 0.045313 0.076605
0 0.815625 0.395963 0.090625 0.119048
0 0.857813 0.441511 0.075000 0.110766
1 0.639844 0.329710 0.037500 0.081781
0 0.683594 0.376294 0.068750 0.069358
1 0.605859 0.339545 0.038281 0.122153
2 0.942578 0.490683 0.114844 0.188406