0 0.511719 0.293996 0.096875 0.097308
1 0.419531 0.277950 0.010938 0.046584
0 0.335938 0.310041 0.081250 0.090062
2 0.033203 0.459110 0.024219 0.021739
2 0.058203 0.441511 0.021094 0.019669
2 0.069922 0.503623 0.107031 0.145963
0 0.183594 0.429607 0.020313 0.033126
1 0.240625 0.291925 0.043750 0.084886
0 0.171094 0.453416 0.014063 0.024845
1 0.378516 0.276915 0.014844 0.052795
1 0.392188 0.275362 0.012500 0.045549
1 0.408594 0.270186 0.012500 0.039337
0 0.808203 0.392340 0.119531 0.082816
1 0.192188 0.375776 0.085938 0.244306
1 0.871484 0.411491 0.046094 0.092133