0 0.182422 0.163043 0.027344 0.036232
0 0.145313 0.207039 0.029688 0.039337
0 0.949219 0.733437 0.015625 0.038302
0 0.937109 0.571429 0.082031 0.188406
1 0.383594 0.033644 0.018750 0.050725
1 0.298047 0.066770 0.014844 0.036232
1 0.364453 0.040373 0.017969 0.051760
1 0.392578 0.030538 0.010156 0.032091
3 0.931641 0.249482 0.021094 0.031056
3 0.963672 0.447205 0.019531 0.022774
3 0.932422 0.312112 0.019531 0.027950
3 0.967578 0.370600 0.025781 0.031056
1 0.823828 0.203934 0.016406 0.024845
1 0.904297 0.351967 0.069531 0.062112