0 0.941016 0.742236 0.035156 0.076605
0 0.948438 0.659420 0.026563 0.091097
1 0.816406 0.212733 0.034375 0.044513
1 0.833203 0.226708 0.049219 0.074534
1 0.594922 0.032609 0.017969 0.059006
1 0.806250 0.190994 0.051563 0.069358
1 0.585547 0.028986 0.016406 0.051760
1 0.708594 0.098344 0.026563 0.047619
1 0.718359 0.099379 0.025781 0.037267
1 0.925391 0.406832 0.038281 0.026915
3 0.891406 0.202381 0.018750 0.025880
4 0.790625 0.018634 0.039062 0.031056
4 0.776172 0.031573 0.024219 0.032091
1 0.942969 0.489648 0.034375 0.022774
0 0.342188 0.056418 0.128125 0.083851
0 0.136328 0.216874 0.044531 0.065217
1 0.775781 0.148033 0.015625 0.035197
1 0.739844 0.124224 0.035938 0.084886
1 0.670313 0.065735 0.025000 0.054865
1 0.951563 0.538302 0.032813 0.024845
1 0.763281 0.138199 0.015625 0.021739