0 0.746875 0.345238 0.046875 0.025880
0 0.960156 0.565217 0.064063 0.072464
4 0.643750 0.095756 0.065625 0.065217
1 0.915625 0.496377 0.057813 0.090062
1 0.966016 0.519669 0.030469 0.047619
0 0.402344 0.288820 0.057813 0.051760
0 0.505469 0.288302 0.082813 0.092133
0 0.600000 0.292443 0.034375 0.030021
2 0.772656 0.388199 0.048438 0.076605
1 0.864063 0.410455 0.021875 0.052795
0 0.880859 0.471532 0.078906 0.110766
2 0.935547 0.518116 0.052344 0.085921
2 0.921094 0.512422 0.037500 0.066253
0 0.183203 0.409938 0.310156 0.356108
1 0.880078 0.415631 0.016406 0.021739
2 0.795313 0.396998 0.045313 0.059006