5 0.000781 0.943750 0.001563 0.112500
5 0.185938 0.623437 0.006250 0.003125
5 0.192969 0.622396 0.006250 0.003125
5 0.200391 0.621354 0.005469 0.003125
5 0.207422 0.620313 0.005469 0.003125
5 0.214844 0.619271 0.004688 0.003125
5 0.221875 0.618229 0.004688 0.003125
5 0.229297 0.617188 0.003906 0.003125
5 0.236719 0.616146 0.004688 0.003125
5 0.244141 0.615104 0.003906 0.003125
5 0.251172 0.614062 0.003906 0.003125
5 0.258594 0.613021 0.003125 0.003125
5 0.265625 0.611979 0.003125 0.003125
5 0.273047 0.610938 0.002344 0.003125
5 0.280078 0.609896 0.002344 0.003125
5 0.433203 0.500000 0.866406 1.000000
6 0.414453 0.505208 0.828906 0.989583
7 0.235156 0.444271 0.165625 0.369792