0 0.840234 0.415114 0.030469 0.033126
0 0.868750 0.427019 0.025000 0.025880
4 0.916016 0.343685 0.017969 0.028986
4 0.073047 0.394928 0.016406 0.027950
4 0.501953 0.190994 0.057031 0.023810
4 0.561328 0.218427 0.049219 0.026915
4 0.533203 0.250518 0.014844 0.024845
4 0.071094 0.338509 0.023438 0.041408
4 0.560156 0.195135 0.051563 0.027950
0 0.110938 0.469979 0.043750 0.033126
1 0.366797 0.369048 0.014844 0.046584
1 0.811719 0.405797 0.025000 0.078675
1 0.789844 0.401139 0.028125 0.075569
1 0.771484 0.393375 0.021094 0.060041
1 0.719141 0.378882 0.019531 0.051760
1 0.725000 0.376294 0.012500 0.056936
4 0.913672 0.377847 0.021094 0.045549
1 0.691406 0.367495 0.010938 0.037267
0 0.816016 0.407350 0.033594 0.034161
1 0.404688 0.360248 0.018750 0.070393
1 0.026953 0.484990 0.036719 0.133540
1 0.435156 0.343685 0.020313 0.031056
1 0.144922 0.416667 0.058594 0.145963