0 0.351562 0.075569 0.096875 0.144928
2 0.287500 0.110766 0.070312 0.140787
2 0.241797 0.151656 0.072656 0.135611
2 0.192969 0.240683 0.132812 0.141822
1 0.602344 0.024845 0.039062 0.045549
1 0.214844 0.131988 0.048438 0.094203
1 0.150391 0.195135 0.027344 0.048654
2 0.110938 0.356625 0.103125 0.139752
1 0.050781 0.451346 0.031250 0.028986
0 0.085156 0.422360 0.073438 0.134576
0 0.866016 0.228261 0.047656 0.071429
1 0.037500 0.628364 0.025000 0.012422
2 0.150391 0.286749 0.103906 0.113872
0 0.721094 0.095756 0.154688 0.121118