0 0.488672 0.288820 0.058594 0.060041
0 0.523047 0.282091 0.019531 0.019669
2 0.762109 0.349896 0.024219 0.045549
0 0.816406 0.387164 0.090625 0.097308
0 0.901172 0.420290 0.032031 0.020704
1 0.656641 0.299689 0.013281 0.046584
1 0.614453 0.289855 0.010156 0.037267
1 0.707813 0.313665 0.010938 0.033126
1 0.282422 0.291925 0.017969 0.037267
1 0.644531 0.293478 0.010938 0.052795
1 0.624609 0.292961 0.010156 0.037267
1 0.637109 0.297619 0.010156 0.038302
1 0.919922 0.426501 0.097656 0.180124
1 0.189844 0.393375 0.060938 0.178054
1 0.121094 0.450828 0.100000 0.201863