0 0.501953 0.355072 0.033594 0.037267
2 0.753516 0.388199 0.024219 0.080745
0 0.706641 0.377329 0.041406 0.034161
1 0.835547 0.391304 0.028906 0.118012
1 0.110156 0.440994 0.084375 0.258799
1 0.817188 0.390269 0.035938 0.122153
4 0.746094 0.244824 0.020313 0.036232
4 0.747656 0.293996 0.018750 0.037267
4 0.748047 0.268634 0.021094 0.019669
4 0.169531 0.281056 0.018750 0.056936
1 0.299219 0.385611 0.010938 0.042443
0 0.766016 0.391304 0.017969 0.031056
1 0.784766 0.383540 0.027344 0.098344
1 0.731250 0.377329 0.023438 0.073499
0 0.247656 0.406315 0.062500 0.059006
1 0.285156 0.388199 0.015625 0.053830
0 0.655469 0.365424 0.037500 0.033126
2 0.165234 0.440994 0.080469 0.105590
1 0.572656 0.333333 0.028125 0.076605
1 0.553125 0.340580 0.018750 0.053830