0 0.483203 0.285197 0.055469 0.054865
0 0.566016 0.289855 0.063281 0.060041
2 0.708203 0.324017 0.019531 0.026915
0 0.798047 0.376294 0.042969 0.042443
1 0.955859 0.502588 0.042969 0.087992
1 0.778516 0.350414 0.025781 0.065217
1 0.253906 0.291925 0.028125 0.060041
1 0.729297 0.330228 0.028906 0.080745
1 0.825781 0.371118 0.039062 0.102484
1 0.201953 0.347308 0.033594 0.087992
1 0.269531 0.296066 0.015625 0.035197
1 0.372266 0.298137 0.019531 0.070393
1 0.640625 0.292443 0.010938 0.050725
1 0.833984 0.383023 0.032031 0.093168
1 0.753125 0.338509 0.026563 0.068323
1 0.745313 0.331263 0.018750 0.066253
4 0.611328 0.153727 0.046094 0.021739
4 0.612500 0.133540 0.045313 0.024845
1 0.303125 0.322981 0.043750 0.084886
1 0.248828 0.342650 0.046094 0.080745