0 0.591016 0.289855 0.047656 0.039337
0 0.500000 0.283644 0.070312 0.068323
0 0.423828 0.286232 0.075781 0.054865
1 0.108594 0.393892 0.067187 0.162526
4 0.855469 0.254141 0.023438 0.054865
1 0.324609 0.289337 0.013281 0.050725
1 0.352734 0.282609 0.013281 0.047619
1 0.337891 0.288302 0.014844 0.050725
1 0.941797 0.440476 0.033594 0.069358
1 0.137891 0.346273 0.036719 0.114907
1 0.122656 0.386646 0.031250 0.123188
2 0.175000 0.390269 0.082813 0.149068
1 0.273828 0.290373 0.044531 0.125259
0 0.828906 0.451346 0.246875 0.231884
1 0.730469 0.318323 0.064063 0.119048
1 0.539062 0.270704 0.012500 0.027950
1 0.551953 0.272774 0.013281 0.032091