0 0.504297 0.275362 0.019531 0.020704
0 0.543750 0.278986 0.026563 0.025880
2 0.878516 0.483954 0.063281 0.106625
1 0.353125 0.285714 0.015625 0.055901
1 0.364453 0.284161 0.016406 0.052795
1 0.910156 0.448240 0.032813 0.072464
1 0.042578 0.509834 0.055469 0.106625
4 0.907813 0.287785 0.026563 0.055901
4 0.815234 0.320911 0.016406 0.022774
1 0.393750 0.281056 0.014063 0.050725
0 0.616797 0.291925 0.052344 0.053830
1 0.941406 0.500518 0.068750 0.112836
2 0.331641 0.297101 0.033594 0.037267
0 0.733984 0.366460 0.196094 0.167702
1 0.833594 0.368530 0.104688 0.242236
1 0.570312 0.275880 0.018750 0.042443
1 0.439453 0.269151 0.024219 0.080745