0 0.118750 0.289855 0.051563 0.086957
0 0.077344 0.389752 0.035938 0.077640
0 0.068359 0.806418 0.025781 0.039337
0 0.094922 0.320911 0.011719 0.037267
0 0.812891 0.152174 0.042969 0.064182
0 0.839844 0.169772 0.026563 0.055901
0 0.592187 0.062112 0.220313 0.118012
0 0.855078 0.189959 0.019531 0.036232
0 0.088672 0.880952 0.033594 0.060041
0 0.864063 0.201863 0.015625 0.022774
0 0.048828 0.710663 0.021094 0.042443
4 0.085938 0.183230 0.021875 0.033126
4 0.129688 0.065217 0.028125 0.035197
0 0.752734 0.101967 0.108594 0.116977