0 0.056641 0.469979 0.028906 0.095238
1 0.543750 0.047101 0.028125 0.087992
1 0.142187 0.235507 0.029688 0.030021
1 0.427734 0.025362 0.021094 0.044513
1 0.292187 0.074017 0.034375 0.065217
1 0.387891 0.028468 0.021094 0.050725
1 0.408203 0.031573 0.019531 0.056936
1 0.582813 0.056418 0.053125 0.106625
0 0.071875 0.395963 0.025000 0.056936
1 0.103516 0.889752 0.053906 0.056936
1 0.727734 0.073499 0.035156 0.118012
1 0.707813 0.034679 0.020313 0.050725
2 0.117188 0.927536 0.035938 0.035197
1 0.675781 0.034161 0.031250 0.062112
1 0.075000 0.835921 0.021875 0.019669
1 0.756641 0.083851 0.024219 0.062112