0 0.051563 0.726190 0.034375 0.073499
0 0.888672 0.250518 0.038281 0.045549
0 0.659375 0.036232 0.035938 0.057971
0 0.626953 0.046066 0.058594 0.085921
1 0.096094 0.343685 0.057813 0.064182
1 0.843750 0.181677 0.021875 0.030021
1 0.080078 0.365942 0.055469 0.052795
2 0.244531 0.142340 0.081250 0.106625
2 0.283203 0.120600 0.050781 0.116977
2 0.311719 0.084886 0.057813 0.107660
0 0.454297 0.066253 0.275781 0.132505
1 0.057422 0.436335 0.071094 0.063147
2 0.147266 0.265010 0.061719 0.091097
1 0.037891 0.503106 0.036719 0.037267
1 0.032813 0.541408 0.028125 0.031056