0 0.414844 0.367495 0.042188 0.033126
0 0.535156 0.358696 0.018750 0.021739
0 0.460938 0.359213 0.020313 0.016563
0 0.471484 0.355590 0.019531 0.019669
0 0.568750 0.360766 0.020313 0.019669
2 0.673828 0.380435 0.021094 0.042443
0 0.710156 0.390269 0.050000 0.057971
0 0.854688 0.430642 0.070312 0.066253
1 0.767578 0.399586 0.022656 0.064182
1 0.741016 0.386646 0.014844 0.063147
0 0.614453 0.355590 0.061719 0.077640
4 0.733984 0.322981 0.019531 0.022774
4 0.740625 0.304865 0.017188 0.023810
4 0.863281 0.344203 0.017188 0.034161
4 0.221875 0.309524 0.012500 0.033126
4 0.759766 0.284161 0.016406 0.036232
4 0.745313 0.287267 0.017188 0.027950
0 0.080078 0.478778 0.017969 0.027950
0 0.041016 0.507764 0.058594 0.071429
1 0.583984 0.355072 0.016406 0.047619
1 0.965234 0.484472 0.027344 0.099379