0 0.483594 0.271739 0.042188 0.044513
0 0.366797 0.278468 0.046094 0.047619
0 0.562109 0.278468 0.041406 0.033126
0 0.933203 0.508799 0.122656 0.139752
0 0.393359 0.268116 0.021094 0.033126
0 0.895313 0.440476 0.035938 0.025880
0 0.577344 0.274327 0.040625 0.037267
0 0.178516 0.358696 0.119531 0.094203
0 0.291016 0.300207 0.028906 0.041408
0 0.100391 0.421325 0.033594 0.057971
0 0.243750 0.315217 0.031250 0.034161
2 0.076172 0.446687 0.024219 0.040373
4 0.802734 0.258282 0.032031 0.083851
0 0.080469 0.441511 0.142187 0.199793
0 0.532813 0.272774 0.029688 0.025880
0 0.423438 0.265528 0.034375 0.017598
1 0.323047 0.279503 0.032031 0.093168