0 0.925781 0.812112 0.053125 0.075569
0 0.141797 0.215839 0.046094 0.073499
2 0.901172 0.373706 0.035156 0.031056
2 0.905469 0.355072 0.023438 0.031056
1 0.361328 0.034679 0.014844 0.038302
3 0.763672 0.051760 0.021094 0.028986
4 0.963281 0.454969 0.037500 0.056936
3 0.963672 0.379917 0.028906 0.028986
0 0.253906 0.091097 0.029688 0.024845
1 0.401953 0.019151 0.014844 0.030021
2 0.239453 0.122671 0.016406 0.027950
0 0.810547 0.189441 0.035156 0.037267
1 0.915234 0.386646 0.042969 0.042443
0 0.172266 0.182712 0.021094 0.030021
2 0.352734 0.053830 0.024219 0.035197
2 0.691016 0.092133 0.069531 0.076605
1 0.423047 0.024845 0.022656 0.045549
1 0.383984 0.027950 0.017969 0.037267
1 0.457813 0.016046 0.028125 0.027950
2 0.221094 0.141304 0.020313 0.027950