0 0.439063 0.272774 0.042188 0.052795
2 0.796875 0.375776 0.028125 0.035197
2 0.825000 0.393375 0.029688 0.039337
2 0.718750 0.343168 0.028125 0.030021
2 0.767969 0.360248 0.028125 0.033126
1 0.389063 0.286232 0.017188 0.071429
1 0.673438 0.305383 0.026563 0.084886
1 0.693750 0.316253 0.025000 0.073499
0 0.042578 0.520704 0.067969 0.084886
1 0.899219 0.433230 0.067187 0.148033
1 0.924219 0.494306 0.096875 0.189441
1 0.976172 0.466874 0.019531 0.084886
1 0.943750 0.536749 0.048438 0.119048
1 0.111328 0.432712 0.099219 0.215321
1 0.348438 0.288302 0.034375 0.104555
1 0.099219 0.445135 0.073438 0.169772
0 0.170313 0.377847 0.117188 0.171843
2 0.861719 0.437888 0.053125 0.072464