2 0.811328 0.240683 0.092969 0.133540
2 0.755469 0.159420 0.048438 0.066253
0 0.236719 0.134058 0.032813 0.052795
1 0.733984 0.113872 0.100781 0.200828
0 0.280469 0.103002 0.064063 0.077640
0 0.521875 0.033644 0.092188 0.038302
0 0.702344 0.108178 0.031250 0.065217
2 0.874219 0.336439 0.067187 0.097308
0 0.914844 0.458592 0.095313 0.167702
0 0.920703 0.595238 0.010156 0.039337
0 0.939453 0.680642 0.042969 0.102484
1 0.350391 0.059006 0.057031 0.113872
1 0.227344 0.162526 0.075000 0.126294
0 0.205469 0.165114 0.023438 0.048654
2 0.424219 0.039337 0.037500 0.045549
2 0.455469 0.034161 0.028125 0.037267
0 0.380859 0.068841 0.022656 0.017598
0 0.399219 0.062112 0.029688 0.018634