0 0.417188 0.353002 0.037500 0.037267
0 0.494922 0.343685 0.019531 0.026915
1 0.676953 0.372153 0.014844 0.061077
1 0.802344 0.407350 0.018750 0.067288
1 0.704297 0.376294 0.016406 0.056936
1 0.058594 0.473602 0.012500 0.034161
1 0.630859 0.359213 0.017969 0.057971
4 0.666016 0.235507 0.038281 0.046584
1 0.652344 0.370600 0.017188 0.047619
1 0.100000 0.459110 0.021875 0.061077
1 0.113281 0.447205 0.015625 0.055901
1 0.105859 0.446687 0.014844 0.048654
0 0.383203 0.365424 0.017969 0.022774
1 0.954688 0.448758 0.039062 0.085921
1 0.208594 0.402692 0.021875 0.076605