0 0.519531 0.044513 0.157813 0.080745
0 0.939063 0.540373 0.040625 0.097308
0 0.643750 0.064182 0.028125 0.022774
0 0.923828 0.834886 0.032031 0.040373
0 0.948438 0.683747 0.015625 0.038302
0 0.949219 0.616460 0.015625 0.054865
0 0.956250 0.662526 0.023438 0.033126
0 0.305859 0.067288 0.049219 0.041408
2 0.804297 0.219462 0.041406 0.045549
0 0.396484 0.038820 0.103906 0.046584
0 0.672266 0.080228 0.017969 0.019669
0 0.866016 0.319358 0.074219 0.123188
0 0.917188 0.401139 0.029688 0.038302
0 0.950781 0.745859 0.023438 0.034161
0 0.915625 0.432712 0.043750 0.095238