0 0.876563 0.314700 0.089063 0.130435
0 0.117578 0.240683 0.022656 0.030021
0 0.196094 0.141822 0.029688 0.037267
0 0.176172 0.156832 0.014844 0.027950
0 0.251563 0.091615 0.050000 0.059006
0 0.950000 0.616460 0.021875 0.056936
0 0.766797 0.173913 0.103906 0.105590
2 0.679297 0.093168 0.032031 0.043478
1 0.474609 0.019669 0.010156 0.033126
1 0.329297 0.051242 0.014844 0.032091
4 0.842969 0.171843 0.018750 0.026915
2 0.357422 0.045549 0.016406 0.028986
0 0.945703 0.547619 0.033594 0.136646
0 0.615625 0.055901 0.106250 0.084886