0 0.503906 0.357660 0.020313 0.023810
0 0.465234 0.354555 0.019531 0.017598
0 0.392188 0.368530 0.029688 0.020704
1 0.774609 0.373706 0.024219 0.080745
1 0.755078 0.365424 0.019531 0.078675
1 0.654688 0.354037 0.010938 0.047619
1 0.642969 0.354037 0.010938 0.039337
2 0.622266 0.359213 0.030469 0.057971
4 0.026563 0.413043 0.014063 0.026915
0 0.141406 0.453416 0.120313 0.103520
0 0.333203 0.381470 0.052344 0.036232
0 0.532813 0.351449 0.039062 0.027950
0 0.367969 0.374741 0.021875 0.018634
0 0.593359 0.364389 0.053906 0.045549
0 0.032031 0.517598 0.034375 0.076605
0 0.058203 0.505176 0.033594 0.047619