0 0.549609 0.358696 0.022656 0.030021
0 0.515625 0.358696 0.021875 0.023810
0 0.365625 0.376294 0.039062 0.023810
0 0.614844 0.327640 0.110938 0.141822
0 0.275391 0.399068 0.067969 0.052795
2 0.873047 0.464803 0.099219 0.144928
2 0.948438 0.454969 0.079688 0.174948
0 0.140234 0.454451 0.013281 0.043478
0 0.158984 0.450828 0.027344 0.032091
0 0.769922 0.385093 0.111719 0.091097
1 0.061719 0.489648 0.025000 0.091097
1 0.175391 0.426501 0.016406 0.047619
0 0.841797 0.390787 0.036719 0.081781
2 0.709766 0.384576 0.061719 0.100414
2 0.674609 0.365942 0.041406 0.054865