0 0.478516 0.040890 0.163281 0.075569
0 0.853516 0.293478 0.097656 0.145963
0 0.251172 0.100932 0.030469 0.036232
0 0.907031 0.412008 0.048438 0.101449
0 0.934375 0.487060 0.032813 0.073499
0 0.377344 0.029503 0.039062 0.034161
0 0.946094 0.557971 0.025000 0.057971
0 0.167188 0.164596 0.020313 0.024845
0 0.952734 0.660973 0.013281 0.027950
0 0.692969 0.112319 0.043750 0.063147
2 0.733984 0.137681 0.030469 0.041408
2 0.629297 0.069876 0.030469 0.046584
0 0.349219 0.050725 0.025000 0.041408
2 0.300391 0.069358 0.017969 0.018634
1 0.590625 0.044513 0.017188 0.031056
0 0.658203 0.085404 0.039844 0.052795
2 0.807422 0.208592 0.027344 0.032091
2 0.784375 0.186335 0.025000 0.043478
1 0.797656 0.182195 0.028125 0.041408