0 0.510938 0.272774 0.025000 0.013458
0 0.394922 0.283126 0.027344 0.032091
4 0.274219 0.221532 0.018750 0.020704
3 0.771094 0.279503 0.015625 0.039337
3 0.723438 0.125259 0.015625 0.037267
3 0.472266 0.057453 0.019531 0.042443
3 0.468750 0.081781 0.018750 0.024845
4 0.860938 0.321946 0.015625 0.022774
4 0.271875 0.197205 0.021875 0.036232
2 0.297266 0.327640 0.067969 0.073499
1 0.761328 0.338509 0.027344 0.062112
0 0.058203 0.494824 0.089844 0.138716
0 0.105078 0.445135 0.024219 0.047619
3 0.371094 0.214286 0.014063 0.043478