0 0.936328 0.515010 0.046094 0.114907
0 0.947266 0.738613 0.035156 0.054865
0 0.224609 0.121636 0.044531 0.050725
0 0.949609 0.583851 0.025781 0.057971
0 0.927734 0.816253 0.030469 0.050725
0 0.154297 0.182195 0.014844 0.022774
0 0.324219 0.066253 0.087500 0.076605
0 0.194531 0.137164 0.026563 0.046584
0 0.945703 0.786749 0.021094 0.028986
0 0.266406 0.089545 0.042188 0.052795
2 0.920703 0.433747 0.019531 0.024845
4 0.760156 0.060559 0.031250 0.046584
2 0.230078 0.121636 0.014844 0.023810
0 0.468750 0.041408 0.209375 0.076605
0 0.881641 0.310041 0.082031 0.133540
0 0.852344 0.304348 0.021875 0.028986
0 0.867188 0.292443 0.015625 0.023810
0 0.965234 0.659420 0.055469 0.111801