0 0.042188 0.665114 0.067187 0.139752
0 0.858984 0.204451 0.038281 0.050725
0 0.052344 0.755176 0.017188 0.030021
0 0.059375 0.808489 0.025000 0.033126
2 0.283203 0.089027 0.046094 0.097308
2 0.332422 0.054348 0.042969 0.102484
2 0.378125 0.043478 0.048438 0.080745
2 0.239063 0.121636 0.042188 0.106625
4 0.031641 0.389234 0.022656 0.026915
2 0.433594 0.035197 0.039062 0.064182
0 0.450781 0.033126 0.020313 0.060041
0 0.481641 0.032091 0.052344 0.057971
0 0.524219 0.028986 0.034375 0.051760
0 0.564453 0.028468 0.027344 0.050725
0 0.080469 0.419772 0.115625 0.272257
0 0.717969 0.093168 0.265625 0.180124
0 0.160938 0.231884 0.106250 0.180124
2 0.200000 0.169772 0.071875 0.086957