0 0.078125 0.840062 0.032813 0.050725
2 0.314063 0.091615 0.039062 0.108696
2 0.352344 0.068323 0.068750 0.113872
0 0.443750 0.042961 0.067187 0.079710
0 0.078125 0.357660 0.029688 0.044513
2 0.065625 0.472050 0.043750 0.064182
0 0.608984 0.033126 0.032031 0.060041
0 0.627734 0.051242 0.024219 0.023810
0 0.680859 0.050725 0.021094 0.022774
0 0.667969 0.044513 0.037500 0.076605
0 0.702734 0.064700 0.036719 0.067288
0 0.743750 0.094720 0.054688 0.061077
0 0.805469 0.141822 0.087500 0.082816
0 0.100781 0.381470 0.050000 0.059006
2 0.127734 0.291408 0.089844 0.104555
0 0.075391 0.423913 0.061719 0.075569
0 0.121484 0.349896 0.025781 0.033126