0 0.506641 0.357660 0.030469 0.032091
0 0.092969 0.457557 0.170313 0.364389
0 0.462109 0.354555 0.035156 0.036232
2 0.853125 0.426501 0.057813 0.103520
4 0.723828 0.258282 0.011719 0.034161
4 0.920703 0.247412 0.028906 0.051760
4 0.910156 0.183230 0.029688 0.045549
4 0.923828 0.281573 0.025781 0.020704
0 0.618750 0.365942 0.037500 0.042443
0 0.655469 0.376294 0.040625 0.052795
0 0.782031 0.409938 0.125000 0.105590
0 0.708984 0.382505 0.025781 0.065217
0 0.575781 0.359213 0.051563 0.043478
2 0.923047 0.466874 0.071094 0.128364