0 0.956250 0.669772 0.023438 0.045549
0 0.201953 0.143892 0.038281 0.049689
0 0.165234 0.180642 0.022656 0.030021
0 0.621484 0.023810 0.025781 0.018634
0 0.951953 0.708075 0.013281 0.033126
0 0.942578 0.781573 0.013281 0.026915
0 0.780859 0.192547 0.191406 0.207039
2 0.472656 0.020186 0.042188 0.034161
2 0.925391 0.399068 0.021094 0.032091
1 0.658594 0.054348 0.021875 0.052795
1 0.428125 0.013975 0.014063 0.023810
0 0.311719 0.065735 0.118750 0.106625
0 0.117578 0.245342 0.033594 0.037267
1 0.738281 0.093685 0.020313 0.023810