0 0.202344 0.137164 0.045313 0.054865
0 0.933984 0.778986 0.024219 0.046584
0 0.924219 0.827122 0.015625 0.035197
1 0.575391 0.034161 0.022656 0.062112
3 0.987891 0.456004 0.024219 0.046584
2 0.689844 0.119565 0.079688 0.096273
1 0.867578 0.292961 0.028906 0.033126
1 0.872266 0.310041 0.025781 0.038302
1 0.924609 0.451863 0.066406 0.052795
1 0.553516 0.034679 0.025781 0.063147
1 0.892188 0.345238 0.031250 0.030021
1 0.885156 0.335404 0.026563 0.028986
1 0.940234 0.519151 0.053906 0.038302
1 0.966406 0.603520 0.051563 0.068323
1 0.848438 0.248447 0.050000 0.051760
1 0.909375 0.379917 0.037500 0.039337