0 0.459766 0.272257 0.033594 0.016563
0 0.528906 0.267598 0.015625 0.023810
0 0.741016 0.346273 0.355469 0.247412
1 0.127734 0.384576 0.038281 0.073499
1 0.239844 0.303830 0.015625 0.042443
1 0.163672 0.348861 0.036719 0.095238
1 0.910156 0.451863 0.040625 0.083851
4 0.235547 0.229814 0.013281 0.028986
1 0.921094 0.464803 0.045313 0.082816
1 0.958984 0.528468 0.035156 0.056936
1 0.948828 0.504141 0.044531 0.093168
2 0.220703 0.341615 0.050781 0.064182
1 0.373828 0.276398 0.025781 0.080745
1 0.925391 0.472050 0.039844 0.089027