0 0.947656 0.571429 0.045313 0.124224
0 0.908203 0.409420 0.124219 0.218427
0 0.144531 0.203416 0.031250 0.046584
1 0.570703 0.026915 0.024219 0.047619
0 0.929297 0.816253 0.022656 0.034161
0 0.953125 0.650621 0.032813 0.065217
1 0.544531 0.025362 0.017188 0.046584
0 0.175391 0.160973 0.025781 0.042443
0 0.201563 0.139234 0.042188 0.052795
0 0.296094 0.080228 0.125000 0.094203
2 0.228125 0.120083 0.014063 0.035197
0 0.878516 0.938406 0.050781 0.087992
0 0.931250 0.851967 0.032813 0.062112
1 0.747266 0.099896 0.044531 0.085921