0 0.237109 0.103002 0.035156 0.050725
0 0.522266 0.041408 0.158594 0.076605
0 0.818750 0.240683 0.132812 0.168737
0 0.910156 0.389752 0.090625 0.168737
0 0.213281 0.122153 0.021875 0.041408
0 0.281641 0.078675 0.060156 0.062112
0 0.634766 0.066770 0.069531 0.050725
0 0.951172 0.597826 0.025781 0.052795
0 0.194141 0.136646 0.021094 0.035197
0 0.436328 0.017598 0.032031 0.028986
1 0.179297 0.151139 0.014844 0.028986
0 0.957422 0.740683 0.046094 0.065217
0 0.951953 0.694099 0.013281 0.034161
0 0.380078 0.042443 0.116406 0.076605
0 0.942188 0.538820 0.034375 0.079710