0 0.314453 0.382505 0.019531 0.019669
0 0.135156 0.448758 0.037500 0.034161
0 0.335547 0.377847 0.028906 0.028986
0 0.281250 0.392857 0.021875 0.015528
2 0.970313 0.469979 0.026563 0.053830
2 0.886719 0.429607 0.028125 0.053830
2 0.863281 0.417702 0.028125 0.044513
0 0.823438 0.402692 0.051563 0.053830
1 0.661328 0.354037 0.033594 0.122153
1 0.603516 0.348861 0.035156 0.109731
3 0.155859 0.332298 0.010156 0.041408
3 0.622656 0.231884 0.026563 0.064182
3 0.646094 0.238095 0.025000 0.070393
3 0.431250 0.211698 0.014063 0.032091
3 0.375781 0.222050 0.010938 0.030021
4 0.787891 0.172360 0.024219 0.059006
2 0.941406 0.453416 0.023438 0.055901
1 0.260156 0.381470 0.012500 0.040373