0 0.268359 0.399068 0.052344 0.059006
0 0.445312 0.361284 0.039062 0.047619
0 0.781641 0.399586 0.041406 0.043478
4 0.730078 0.322464 0.014844 0.021739
2 0.030859 0.521222 0.019531 0.025880
0 0.326172 0.365942 0.077344 0.106625
0 0.492188 0.361801 0.012500 0.032091
0 0.723438 0.380435 0.028125 0.044513
0 0.815234 0.412526 0.024219 0.038302
1 0.835938 0.419255 0.023438 0.043478
2 0.864453 0.432195 0.042969 0.056936
2 0.916797 0.460663 0.060156 0.070393
2 0.973438 0.500000 0.053125 0.095238
0 0.564453 0.361284 0.133594 0.031056
1 0.180078 0.406315 0.057031 0.210145