0 0.927344 0.486542 0.064063 0.142857
0 0.950000 0.640787 0.025000 0.049689
0 0.950391 0.675466 0.021094 0.038302
0 0.925781 0.819358 0.023438 0.038302
0 0.951172 0.711698 0.019531 0.038302
0 0.255078 0.090580 0.030469 0.027950
1 0.587891 0.030538 0.022656 0.054865
1 0.285547 0.064700 0.014844 0.034161
0 0.222656 0.124741 0.059375 0.069358
0 0.860156 0.285197 0.096875 0.170807
0 0.950391 0.579710 0.042969 0.089027
0 0.474219 0.032091 0.207813 0.057971
0 0.160156 0.185300 0.042188 0.062112
1 0.650391 0.059524 0.021094 0.050725
1 0.792188 0.157350 0.051563 0.076605
1 0.355859 0.034679 0.019531 0.050725