0 0.522266 0.036749 0.135156 0.067288
0 0.938672 0.496894 0.039844 0.103520
0 0.231250 0.109213 0.037500 0.050725
0 0.202344 0.132505 0.025000 0.043478
0 0.183984 0.149068 0.017969 0.031056
0 0.916406 0.862836 0.021875 0.034161
0 0.863281 0.961698 0.045313 0.068323
0 0.269922 0.088509 0.049219 0.044513
0 0.896484 0.349379 0.030469 0.061077
0 0.952734 0.619565 0.017969 0.083851
1 0.935156 0.431159 0.023438 0.021739
0 0.684766 0.092133 0.061719 0.057971
0 0.376172 0.038302 0.105469 0.072464
0 0.112109 0.252588 0.027344 0.026915
0 0.796484 0.196687 0.177344 0.236025