0 0.942578 0.491201 0.060156 0.133540
0 0.952734 0.582816 0.025781 0.055901
0 0.203906 0.130435 0.021875 0.039337
0 0.230469 0.100414 0.040625 0.070393
0 0.960547 0.676501 0.022656 0.050725
0 0.676953 0.063147 0.017969 0.018634
2 0.439453 0.016563 0.028906 0.026915
1 0.373828 0.024327 0.014844 0.034161
1 0.625391 0.042961 0.016406 0.040373
1 0.650391 0.052277 0.024219 0.048654
4 0.786328 0.068841 0.017969 0.025880
4 0.778516 0.087474 0.021094 0.032091
0 0.957422 0.619048 0.024219 0.053830
0 0.185547 0.147516 0.019531 0.030021
0 0.290625 0.055383 0.093750 0.104555
2 0.406250 0.022774 0.028125 0.026915
0 0.563672 0.027950 0.074219 0.049689
0 0.627344 0.036232 0.046875 0.066253
0 0.727344 0.094203 0.043750 0.045549
0 0.793359 0.167184 0.069531 0.096273
2 0.370703 0.033644 0.022656 0.023810
0 0.743359 0.123188 0.036719 0.045549