0 0.470313 0.273810 0.029688 0.034161
2 0.159766 0.377847 0.053906 0.051760
0 0.215234 0.335404 0.044531 0.041408
1 0.264453 0.309524 0.016406 0.057971
1 0.272656 0.304348 0.017188 0.057971
1 0.296094 0.295031 0.018750 0.057971
1 0.290234 0.297619 0.019531 0.067288
3 0.426953 0.218944 0.013281 0.032091
4 0.356641 0.105072 0.050781 0.036232
4 0.356641 0.078675 0.050781 0.037267
3 0.562500 0.204969 0.015625 0.041408
4 0.348047 0.146998 0.025781 0.028986
4 0.309766 0.183230 0.036719 0.031056
4 0.346484 0.196170 0.024219 0.027950
4 0.310156 0.127847 0.035938 0.040373
4 0.310938 0.156315 0.039062 0.035197
0 0.121094 0.404762 0.057813 0.086957
3 0.582422 0.210145 0.016406 0.039337
0 0.506250 0.258282 0.071875 0.048654
0 0.654297 0.273810 0.138281 0.121118
4 0.348047 0.171843 0.027344 0.028986
1 0.914453 0.453934 0.013281 0.036232
1 0.917969 0.454969 0.018750 0.036232