0 0.155078 0.189959 0.028906 0.042443
0 0.951953 0.619565 0.019531 0.059006
0 0.955469 0.652692 0.023438 0.050725
0 0.850391 0.296584 0.132031 0.195652
2 0.655469 0.073499 0.057813 0.057971
0 0.396484 0.033126 0.041406 0.047619
0 0.316406 0.059524 0.084375 0.085921
0 0.937500 0.524327 0.043750 0.137681
0 0.780078 0.178571 0.025781 0.048654
1 0.225391 0.105072 0.016406 0.025880
4 0.798047 0.086957 0.028906 0.045549
0 0.451172 0.028986 0.072656 0.051760
0 0.117969 0.239648 0.037500 0.046584
0 0.175781 0.148551 0.046875 0.054865
2 0.763281 0.165631 0.032813 0.035197