0 0.548047 0.279503 0.027344 0.024845
1 0.289453 0.301760 0.016406 0.025880
4 0.141406 0.225155 0.018750 0.038302
0 0.904297 0.445135 0.080469 0.111801
2 0.455469 0.283126 0.014063 0.027950
0 0.302344 0.320911 0.020313 0.037267
2 0.336719 0.304865 0.064063 0.069358
0 0.380859 0.292443 0.074219 0.065217
0 0.508203 0.277950 0.035156 0.034161
1 0.675000 0.303313 0.012500 0.031056
0 0.580078 0.270186 0.046094 0.049689
0 0.727734 0.339545 0.089844 0.074534
0 0.333203 0.290373 0.019531 0.017598
0 0.688281 0.311594 0.039062 0.018634