0 0.105469 0.487060 0.171875 0.143892
0 0.606250 0.363872 0.042188 0.048654
0 0.578906 0.357143 0.045313 0.043478
0 0.385547 0.366977 0.032031 0.030021
0 0.355469 0.371636 0.035938 0.049689
0 0.435938 0.357660 0.020313 0.021739
4 0.224609 0.335921 0.016406 0.040373
0 0.661328 0.374224 0.075781 0.079710
0 0.885938 0.466356 0.023438 0.104555
0 0.739453 0.399068 0.057031 0.106625
0 0.850391 0.430642 0.113281 0.149068
0 0.789844 0.408903 0.050000 0.109731
2 0.944141 0.492754 0.077344 0.144928
0 0.518750 0.355072 0.034375 0.043478
2 0.227734 0.415631 0.057031 0.046584
1 0.330469 0.368012 0.023438 0.059006