0 0.260547 0.088509 0.038281 0.042443
0 0.208984 0.121636 0.016406 0.032091
0 0.928906 0.821429 0.031250 0.038302
0 0.953516 0.630952 0.019531 0.056936
2 0.772266 0.157350 0.017969 0.031056
2 0.400391 0.031573 0.025781 0.038302
2 0.379688 0.036232 0.025000 0.037267
0 0.228906 0.110766 0.028125 0.033126
0 0.188672 0.144410 0.024219 0.030021
0 0.858594 0.262940 0.045313 0.082816
1 0.929297 0.415114 0.027344 0.022774
1 0.567188 0.022774 0.025000 0.039337
0 0.957031 0.592650 0.014063 0.027950
0 0.673438 0.110248 0.185938 0.133540
0 0.344141 0.045031 0.146094 0.083851