0 0.242969 0.394928 0.085938 0.102484
0 0.494922 0.368012 0.024219 0.025880
0 0.420313 0.374224 0.025000 0.017598
0 0.741016 0.391822 0.016406 0.025880
3 0.888672 0.334886 0.017969 0.032091
4 0.910156 0.327122 0.018750 0.039337
3 0.023438 0.424431 0.014063 0.033126
1 0.965234 0.470497 0.032031 0.096273
1 0.932031 0.445135 0.021875 0.076605
1 0.946094 0.446170 0.014063 0.031056
1 0.833203 0.408385 0.027344 0.090062
1 0.800000 0.399068 0.023438 0.061077
1 0.072266 0.468427 0.019531 0.042443
2 0.660547 0.383023 0.032031 0.049689
1 0.732031 0.381470 0.010938 0.044513
2 0.694922 0.386646 0.039844 0.054865
1 0.860547 0.411491 0.027344 0.054865
1 0.567969 0.357660 0.014063 0.036232