0 0.882422 0.232919 0.017969 0.028986
2 0.135156 0.292961 0.031250 0.041408
0 0.169531 0.252070 0.040625 0.065217
0 0.118359 0.322464 0.039844 0.040373
0 0.495703 0.020186 0.039844 0.030021
2 0.105469 0.350414 0.031250 0.032091
0 0.071094 0.496377 0.032813 0.048654
0 0.532031 0.017081 0.025000 0.021739
0 0.089453 0.409938 0.055469 0.091097
2 0.298047 0.092133 0.027344 0.026915
1 0.069531 0.460145 0.076563 0.056936
0 0.781250 0.133540 0.075000 0.074534
0 0.846484 0.199793 0.061719 0.082816
1 0.046875 0.703934 0.054688 0.039337
1 0.328125 0.059006 0.018750 0.041408
1 0.359375 0.043478 0.018750 0.039337