0 0.498438 0.289855 0.071875 0.068323
1 0.267578 0.331781 0.036719 0.112836
1 0.296094 0.323499 0.029688 0.094203
1 0.648047 0.304348 0.024219 0.091097
1 0.322266 0.319876 0.024219 0.078675
1 0.801172 0.357143 0.033594 0.099379
1 0.426563 0.284161 0.009375 0.038302
1 0.745313 0.326087 0.012500 0.049689
1 0.340625 0.305383 0.023438 0.072464
1 0.364063 0.302277 0.018750 0.064182
1 0.687500 0.312629 0.026563 0.101449
1 0.286328 0.329193 0.024219 0.080745
1 0.372266 0.296584 0.016406 0.056936
1 0.396094 0.291408 0.018750 0.065217
3 0.366406 0.179607 0.012500 0.032091
1 0.760156 0.328157 0.012500 0.043478
1 0.770313 0.334369 0.012500 0.037267
2 0.836719 0.400104 0.073438 0.119048