0 0.146094 0.195652 0.026563 0.039337
0 0.851953 0.260352 0.025781 0.036232
0 0.952734 0.605072 0.019531 0.054865
0 0.916406 0.847826 0.040625 0.070393
1 0.364453 0.042443 0.027344 0.078675
1 0.191406 0.139234 0.017188 0.025880
1 0.600000 0.040890 0.017188 0.034161
1 0.550781 0.024845 0.010938 0.035197
1 0.891406 0.322981 0.035938 0.022774
0 0.717188 0.110248 0.042188 0.059006
0 0.687109 0.085921 0.025781 0.028986
0 0.376563 0.032091 0.015625 0.057971
0 0.350781 0.038820 0.028125 0.071429
1 0.583594 0.020704 0.014063 0.026915
1 0.941016 0.475673 0.049219 0.027950