0 0.955078 0.641822 0.030469 0.076605
1 0.725781 0.095756 0.028125 0.050725
1 0.292187 0.063665 0.039062 0.123188
1 0.623047 0.042961 0.033594 0.079710
0 0.923047 0.400104 0.105469 0.183230
0 0.911719 0.856625 0.064063 0.079710
1 0.647266 0.040373 0.016406 0.049689
1 0.695703 0.068323 0.022656 0.043478
1 0.533984 0.020186 0.013281 0.034161
1 0.514453 0.021739 0.013281 0.039337
1 0.198047 0.130952 0.016406 0.025880
1 0.261719 0.083333 0.031250 0.071429
1 0.389844 0.049689 0.045313 0.093168
1 0.323828 0.063147 0.063281 0.122153