0 0.487109 0.351967 0.036719 0.047619
0 0.239844 0.376812 0.128125 0.107660
0 0.519922 0.347308 0.033594 0.044513
0 0.329688 0.375259 0.023438 0.027950
1 0.768750 0.392340 0.014063 0.060041
1 0.071484 0.446687 0.017969 0.038302
1 0.120703 0.433230 0.013281 0.046584
1 0.108203 0.446170 0.014844 0.035197
1 0.113281 0.440476 0.014063 0.034161
1 0.015234 0.503623 0.013281 0.042443
4 0.942188 0.374224 0.018750 0.032091
1 0.641016 0.370083 0.010156 0.040373
0 0.400000 0.353520 0.079688 0.094203
1 0.031250 0.488095 0.023438 0.063147
1 0.884766 0.420290 0.080469 0.198758
1 0.909375 0.445135 0.062500 0.165631