0 0.592578 0.045031 0.019531 0.017598
0 0.485156 0.025362 0.031250 0.023810
0 0.545312 0.034679 0.028125 0.032091
0 0.138281 0.203934 0.037500 0.045549
0 0.165234 0.170290 0.038281 0.052795
0 0.540625 0.021739 0.068750 0.035197
1 0.942969 0.502588 0.076563 0.059006
1 0.933984 0.460663 0.057031 0.051760
1 0.811328 0.203934 0.021094 0.033126
1 0.801953 0.194617 0.019531 0.028986
1 0.919141 0.784679 0.105469 0.072464
3 0.828516 0.098344 0.022656 0.033126
1 0.822656 0.213768 0.018750 0.025880
0 0.940234 0.528986 0.027344 0.035197
1 0.896875 0.863354 0.062500 0.076605
1 0.912891 0.375259 0.060156 0.059006
2 0.840234 0.266563 0.060156 0.052795
1 0.382422 0.037785 0.025781 0.048654
1 0.941016 0.610248 0.100781 0.069358
1 0.848047 0.253106 0.019531 0.027950
0 0.246484 0.100414 0.028906 0.028986
2 0.871094 0.321429 0.068750 0.063147
1 0.883203 0.316253 0.055469 0.059006
0 0.460938 0.023810 0.026563 0.016563
0 0.211719 0.126812 0.035938 0.038302