0 0.495703 0.364389 0.030469 0.033126
0 0.542578 0.367495 0.039844 0.041408
0 0.419922 0.367495 0.057031 0.051760
0 0.451172 0.361801 0.030469 0.038302
0 0.908984 0.417184 0.124219 0.182195
0 0.526563 0.358696 0.023438 0.027950
0 0.989453 0.519669 0.021094 0.041408
0 0.187109 0.402692 0.136719 0.095238
1 0.627344 0.374741 0.015625 0.078675
1 0.581641 0.363872 0.014844 0.034161
1 0.362891 0.372671 0.011719 0.060041
1 0.780078 0.383540 0.011719 0.054865
1 0.338672 0.358696 0.039844 0.133540
1 0.108984 0.448240 0.025781 0.072464