0 0.150781 0.193064 0.037500 0.048654
0 0.945703 0.690476 0.033594 0.068323
0 0.926563 0.816770 0.029688 0.041408
0 0.613281 0.034679 0.018750 0.036232
1 0.740234 0.109213 0.024219 0.027950
1 0.813672 0.186335 0.035156 0.047619
0 0.290234 0.093685 0.185156 0.133540
4 0.905859 0.108178 0.028906 0.042443
4 0.880469 0.149068 0.031250 0.043478
0 0.123438 0.237578 0.046875 0.063147
0 0.941797 0.788302 0.025781 0.036232
1 0.600000 0.026915 0.021875 0.047619
1 0.919922 0.389234 0.057031 0.066253
1 0.957422 0.590580 0.046094 0.036232