0 0.885938 0.244306 0.026563 0.037267
0 0.837891 0.174431 0.038281 0.067288
0 0.125781 0.311594 0.073438 0.136646
0 0.292969 0.081263 0.021875 0.027950
0 0.160938 0.208075 0.054688 0.082816
2 0.772266 0.152174 0.050781 0.076605
0 0.519141 0.078675 0.130469 0.151139
4 0.186328 0.056936 0.017969 0.024845
0 0.675781 0.076605 0.143750 0.146998
1 0.047266 0.545549 0.021094 0.016563
1 0.051953 0.498447 0.022656 0.019669
0 0.197656 0.187888 0.056250 0.081781
0 0.224219 0.156315 0.029688 0.043478
0 0.237500 0.135093 0.029688 0.044513
0 0.251563 0.120600 0.023438 0.038302
0 0.263672 0.109213 0.024219 0.036232
0 0.276172 0.097308 0.025781 0.035197
1 0.033594 0.571429 0.067187 0.066253
1 0.074609 0.855072 0.022656 0.020704
1 0.047266 0.708075 0.022656 0.020704