0 0.278125 0.081781 0.040625 0.049689
0 0.323438 0.052277 0.046875 0.050725
0 0.426563 0.036232 0.137500 0.066253
0 0.685156 0.086957 0.201563 0.167702
0 0.062500 0.704451 0.084375 0.263975
0 0.046094 0.555383 0.039062 0.065217
0 0.058594 0.454451 0.025000 0.072464
0 0.236719 0.114389 0.040625 0.048654
0 0.082813 0.364907 0.028125 0.059006
0 0.066406 0.406832 0.020313 0.033126
0 0.197266 0.159420 0.036719 0.060041
0 0.160547 0.211698 0.041406 0.067288
0 0.129297 0.258282 0.035156 0.073499
0 0.105859 0.300207 0.027344 0.053830
1 0.219922 0.140787 0.042969 0.070393
0 0.780078 0.108178 0.060156 0.087992