0 0.333984 0.045549 0.022656 0.020704
0 0.592578 0.026398 0.049219 0.046584
0 0.499609 0.037785 0.142969 0.069358
0 0.074609 0.731366 0.128906 0.417184
0 0.048828 0.497412 0.033594 0.141822
0 0.236328 0.112836 0.032031 0.045549
0 0.733203 0.079193 0.027344 0.034161
0 0.698438 0.055901 0.017188 0.020704
0 0.071875 0.378364 0.021875 0.027950
0 0.309766 0.057971 0.024219 0.018634
0 0.177344 0.175983 0.025000 0.041408
0 0.156641 0.207557 0.016406 0.025880
0 0.115625 0.274327 0.015625 0.033126
0 0.652734 0.042443 0.064844 0.078675
0 0.203516 0.154244 0.044531 0.060041
0 0.060156 0.415114 0.029688 0.055901
0 0.794141 0.127329 0.028906 0.037267