0 0.200781 0.287267 0.040625 0.048654
0 0.318359 0.230849 0.116406 0.089027
0 0.677344 0.231366 0.046875 0.034161
0 0.604688 0.211180 0.042188 0.043478
0 0.756250 0.272774 0.028125 0.042443
0 0.234375 0.254141 0.031250 0.027950
0 0.884375 0.394928 0.017188 0.023810
0 0.405078 0.201346 0.080469 0.048654
0 0.462500 0.191511 0.040625 0.028986
0 0.505078 0.190994 0.024219 0.019669
0 0.713281 0.260352 0.067187 0.048654
0 0.795313 0.314700 0.064063 0.060041
0 0.950781 0.506729 0.035938 0.054865
0 0.132812 0.347308 0.040625 0.059006
0 0.923438 0.449275 0.023438 0.035197