0 0.576953 0.048137 0.185156 0.090062
0 0.324219 0.064182 0.060938 0.064182
0 0.228516 0.125259 0.050781 0.047619
0 0.128906 0.288820 0.050000 0.076605
0 0.055469 0.539337 0.045313 0.082816
0 0.073828 0.446687 0.044531 0.083851
0 0.067578 0.771739 0.035156 0.073499
0 0.054688 0.475673 0.032813 0.059006
0 0.707422 0.107143 0.180469 0.191511
0 0.198047 0.177536 0.053906 0.069358
0 0.078516 0.833333 0.028906 0.060041
0 0.101953 0.879917 0.036719 0.068323
0 0.056641 0.707557 0.030469 0.059006
0 0.054688 0.646480 0.039062 0.077640
0 0.099609 0.366977 0.047656 0.094203
0 0.156641 0.229814 0.052344 0.068323
0 0.375781 0.041408 0.090625 0.076605