6 0.621484 0.986458 0.002344 0.004167
6 0.620703 0.970313 0.002344 0.005208
6 0.619922 0.953125 0.002344 0.006250
6 0.619141 0.936979 0.002344 0.007292
6 0.618359 0.920312 0.002344 0.009375
6 0.617578 0.903646 0.002344 0.011458
6 0.616797 0.886979 0.002344 0.011458
6 0.616016 0.870312 0.002344 0.013542
6 0.615234 0.854167 0.002344 0.014583
6 0.382812 0.716146 0.193750 0.186458
6 0.588281 0.608333 0.317188 0.475000
6 0.500000 0.500000 1.000000 1.000000
7 0.382812 0.716146 0.192188 0.182292
7 0.586719 0.592187 0.312500 0.438542
7 0.449219 0.655208 0.854688 0.689583